0 0 5 0 0 0 0 4 18 0 0 2 0 0 7 1 0 0 10 12 8 17 9 11 0
0 0 0 0 22 19 0 0 14 15 0 5 23 18 0 3 2 17 9 0 0 0 0 21 0
0 23 0 0 18 24 1 0 5 10 0 0 0 0 0 22 0 0 25 0 0 0  0 20 0
0 12 0 16 21 11 0 17 23 6 19 0 9 0 0 0 0 0 14 0 10 18 5 0 3
9 3 0 0 0 12 0 7 0 0 0 0 0 16 21 24 0 18 15 5 1 13 0 4 0
17 5 4 3 0 8 2 0 6 0 10 0 0 24 0 0 0 0 12 0 0 16 14 19 0
1 0 15 0 10 22 5 16 0 0 0 0 0 0 0 0 4 21 13 14 0 20 8 0 24
0 0 0 0 0 0 0 0 0 3 12 21 2 4 0 0 0 0 18 24 11 17 0 0 0
0 0 14 7 0 13 24 25 0 4 0 8 20 0 0 10 3 23 17 0 0 0 0 0 0
21 16 12 0 0 7 18 19 0 1 0 14 13 5 0 8 0 0 0 0 3 4 2 0 23
0 0 0 15 0 0 6 8 2 20 21 16 3 0 18 9 5 1 0 17 24 11 0 0 0
0 0 6 0 17 0 0 0 0 18 0 0 0 20 0 25 12 0 0 0 19 15 0 2 0
0 8 16 0 7 0 13 15 0 0 9 0 0 0 24 0 0 3 0 23 17 6 0 0 14
0 0 0 0 1 0 9 24 0 0 0 0 0 15 2 14 0 8 16 0 20 0 0 23 5
0 25 2 24 0 4 0 0 0 0 23 0 7 17 0 15 6 20 0 22 0 8 0 0 0
16 0 9 2 4 0 25 0 0 13 0 11 0 21 3 0 18 0 0 10 0 0 0 14 12
0 0 0 0 0 0 0 2 0 0 5 0 15 6 0 12 14 7 0 0 21 0 10 9 0
14 0 0 1 0 0 0 0 19 22 0 0 0 0 0 13 24 2 21 16 0 0 20 8 11
24 0 3 23 0 6 0 12 0 14 0 0 16 10 0 0 1 25 0 0 13 19 4 15 0
0 10 8 18 0 21 20 0 24 9 0 13 22 0 0 23 0 0 0 0 0 3 0 0 0
0 7 0 0 0 2 0 0 0 0 0 0 21 0 0 0 25 9 1 0 18 0 19 0 8
0 11 0 0 0 1 0 6 4 0 0 0 19 3 0 0 0 15 0 0 0 12 25 0 0
6 1 20 9 15 25 0 18 0 23 4 0 5 2 13 0 8 14 0 0 22 21 0 0 10
0 24 0 0 0 20 0 0 0 0 0 0 11 0 17 2 22 10 23 4 0 9 0 0 0
0 14 23 0 3 9 19 0 15 8 0 18 0 0 16 21 0 12 24 20 0 0 11 0 17